-0.000848491240535750
0.000243647763651294
0.000819667114970629
0.000870361277264731
0.000490695321154210
-0.000133894881760367
-0.000766754615278671
-0.00117758349097450
-0.00120427471668816
-0.000801585217187818
-6.08193804861660e-05
0.000808538135668939
0.00153389903615543
0.00185876204781970
0.00162470960662511
0.000831706468076107
-0.000343889838560424
-0.00158359509590342
-0.00250855379265165
-0.00278909340014194
-0.00225185559089660
-0.000951755350675212
0.000816918772538473
0.00258043545440400
0.00380656701943358
0.00405722034309662
0.00313080543956652
0.00115089138191892
-0.00143113100600457
-0.00392983001163858
-0.00559924460474046
-0.00584431008287667
-0.00441283487525111
-0.00151012125275341
0.00220558217057955
0.00575885332440208
0.00809989376058844
0.00839705451523578
0.00630152956524566
0.00210615932549056
-0.00325839935779308
-0.00840759868558520
-0.0118363883123285
-0.0123269100801894
-0.00932687237130046
-0.00319175471922831
0.00479082303460953
0.0126268300199935
0.0180612567794982
0.0191522647976687
0.0148404937459030
0.00536785426041356
-0.00757604896387602
-0.0210453281276705
-0.0313554059661049
-0.0348351047017503
-0.0286581569088528
-0.0115688282734745
0.0156715867255229
0.0502370331756083
0.0876231431690469
0.122407159016426
0.149234818350079
0.163832562330718
0.163832562330718
0.149234818350079
0.122407159016426
0.0876231431690469
0.0502370331756083
0.0156715867255229
-0.0115688282734745
-0.0286581569088528
-0.0348351047017503
-0.0313554059661049
-0.0210453281276705
-0.00757604896387602
0.00536785426041356
0.0148404937459030
0.0191522647976687
0.0180612567794982
0.0126268300199935
0.00479082303460953
-0.00319175471922831
-0.00932687237130046
-0.0123269100801894
-0.0118363883123285
-0.00840759868558520
-0.00325839935779308
0.00210615932549056
0.00630152956524566
0.00839705451523578
0.00809989376058844
0.00575885332440208
0.00220558217057955
-0.00151012125275341
-0.00441283487525111
-0.00584431008287667
-0.00559924460474046
-0.00392983001163858
-0.00143113100600457
0.00115089138191892
0.00313080543956652
0.00405722034309662
0.00380656701943358
0.00258043545440400
0.000816918772538473
-0.000951755350675212
-0.00225185559089660
-0.00278909340014194
-0.00250855379265165
-0.00158359509590342
-0.000343889838560424
0.000831706468076107
0.00162470960662511
0.00185876204781970
0.00153389903615543
0.000808538135668939
-6.08193804861660e-05
-0.000801585217187818
-0.00120427471668816
-0.00117758349097450
-0.000766754615278671
-0.000133894881760367
0.000490695321154210
0.000870361277264731
0.000819667114970629
0.000243647763651294
-0.000848491240535750